Puzzle: 50 
Amount: 7
Result details: ./Result/50_t_max_500.csv
Maximum Fitness: 3123749.0

-----Parameters-----
Objective Function Weight = [0.5, 0.5, 0, 0, 0]
C = 2
beta = 6
N = 50
D = 2500
lb = 0
ub = 1
t_max = 500
count = 33
k = 2
reward = [-1, 1]
alpha = 0.1
gamma = 0.6
eps = 0.6
chi = 0.2

-----Results-----
Fitness:
	Minimal = 255.0
	Maximal = 296.0
	Average = 267.7142857142857
	Standard Deviation = 14.249955245185717
Runtime:
	Average = 568.5379364490509
	Total = 3979.7655551433563
Optimal = 0/7 (0.0%)
Optimal by Preprocessing = 0/7 (0.0%)
Average Preprocessing = 35.92%

-----Details-----
1.   ID = 2023-10-01, Fitness = 256.000000     (Iteration:  500), Runtime = 563.589681, Preprocessed = 967 /2500 ( 38.68%)
2.   ID = 2023-11-01, Fitness = 258.000000     (Iteration:  500), Runtime = 560.530518, Preprocessed = 818 /2500 ( 32.72%)
3.   ID = 2023-12-01, Fitness = 273.000000     (Iteration:  500), Runtime = 569.852556, Preprocessed = 871 /2500 ( 34.84%)
4.   ID = 2024-01-01, Fitness = 296.000000     (Iteration:  500), Runtime = 574.785083, Preprocessed = 839 /2500 ( 33.56%)
5.   ID = 2024-02-01, Fitness = 255.000000     (Iteration:  500), Runtime = 593.967188, Preprocessed = 981 /2500 ( 39.24%)
6.   ID = 2024-03-01, Fitness = 258.000000     (Iteration:  500), Runtime = 557.801008, Preprocessed = 963 /2500 ( 38.52%)
7.   ID = 2024-04-01, Fitness = 278.000000     (Iteration:  500), Runtime = 559.239522, Preprocessed = 847 /2500 ( 33.88%)

Seed =
('MT19937', array([4114653490, 3442968970, 2724344803,  577579495,  847320448,
       1837484697, 3357976789, 1124422533,  775463905, 3281448376,
       1975141838, 2726953530, 3593949510, 1004095832, 2051901279,
       1574888646, 3793317631,  819922105, 2479092343, 4117250065,
       2623381338, 3131132665,  178356711, 3097357576, 3337961813,
       1441067568, 1579972074, 1923689373, 1310250277, 2678936140,
       3937237096, 2105766325, 3429480942, 1504330460, 3231528884,
       2575221352, 1995868879, 1985625378, 2579967193, 3520881511,
       4287069749, 1336008613, 1829823607, 2597482399, 1018451160,
        904299783, 3913834899,  600393737, 1589320901, 2778782884,
       1693512769, 1205908358, 2671039813, 1300974040, 2835289961,
       1135737273, 2009912311, 1404577446,  885831335, 1728474692,
       2916287893, 1286419403, 2514746714, 3687803131, 3363235543,
       2221983199,  695683493, 1158334022,  697440973, 1328992472,
       3841764061, 1246095735,  249252321, 3610939932, 1048448011,
       4221665131, 1815848728, 3610707145,   99546964, 1722429352,
       1680855767, 1658097607, 3715122215,  420671727, 1375191343,
       1904045779,  132488872, 3587091731, 4092044507, 3827619576,
       3419284335,  157084161,  274463691, 1549137692, 3446884834,
       2828265257, 3375125945, 2273140080, 3932156150, 3751641697,
       2615944842,  569512661, 1900006237,   78015610,  493381419,
       4194822970, 1241646829, 3888226671,  199867372,  351198172,
       1344210473,  890011534, 4050707904, 3034379591, 1283600528,
       3436387741, 2881092142, 2046185408, 3645785053, 4009173666,
       2748769544, 2065249703, 1211972643,  310902875, 1192274080,
       2115306871,  963770004, 4134238949, 1970253732, 2241323558,
        192238405, 2488215990, 1133477853,  679261064, 1518048663,
       2811395365, 1077182531,  422275063,  995504360, 1303035952,
        200809777, 2095026054, 3521211844,  790914887, 1969944263,
        310065418, 1321727176, 3075604148, 3619036134, 1996073650,
        202500274, 3812567672, 3216654448, 4035734959, 1954907310,
       3684799670,  751382676, 3468756994, 3231272312, 1297778404,
       1966152088, 3977133526, 1672589363, 2529283969, 3637591686,
        725115987, 4032130519, 2675721848,  947488315, 2890066443,
       2267064070, 4089503168, 2159562155, 4103498520, 3837270093,
       1273865857, 3987779166, 1262713824, 4051606531, 1729387725,
       3788781122,  241270439, 3670438804, 4111645305, 3192857908,
       2560982763, 3569515460,  101789890, 2630049768, 2888112478,
       2102007347, 1469725114,  390123526, 2569459016, 1216013599,
       2464174420, 2736790660,  775136626, 1147831250,  941415606,
        297799198,  174814664, 2172971338,  847466993, 3244635308,
       1432317315, 1984058051, 1876114426,  322607324, 2965080459,
       1983815791, 2133189595, 2174755852, 1140331656,  641262221,
       1393395666,  924163071, 3707060696, 4160042274,  228318174,
        326572988, 3888636309, 4038792817,  334095958, 1689502886,
       2561193030,  268466836,  103033891, 3946537557, 3435126228,
       3325707277,  338336674, 3268430610,  538099217, 4003990316,
       2038587596,  563284676, 2742758044,  211118468, 3792303115,
       3739291222,  932559444, 2993964774, 2693306481, 1648824411,
        173067689,   75260898, 3533370561, 3957400723, 2553809559,
        494284479, 2078706904, 3652978772, 1728421674, 4148838936,
        146582169, 3079909490, 3897984451, 2134464452,  285406064,
       4195213648, 1988072612, 2646318272, 1691680466, 2199122411,
       4220618023, 3757622926, 3214836014, 2564147158, 1441962642,
       3034690623, 2458039762, 1607270982, 1180554676, 3130773524,
       3681160195,   74996930, 1966020257, 2421069634, 4147414210,
        286626280, 3731357330, 3092828969, 2686609809, 3153120990,
       3603191767, 4029093526, 3628730460, 3812949897, 1730915561,
       1693187035, 1200943894, 1636933585, 2925453014, 2739066973,
       1268252718, 2295614024, 1056553267, 4077166778, 2440925845,
        126850248, 2861686073, 1916940101, 2547209669,  621804307,
       3264396526, 4283381802, 2193586992, 4168486531, 3527636517,
       1102897123, 1910320268, 1829994802, 3545932605, 1193684467,
       1107330503, 1145345121, 2078946184,  590886194, 4243494661,
       1798041666,  449162897, 3830919354, 3188885701, 3204014246,
       2217809090, 3651579020, 3092733967, 4114046316, 2406106915,
         40657520, 1359955812,  209702742, 1660541820,  593095861,
        369611512,   14855699, 3630382607, 1367524857,  171094047,
       2356682923, 4100078928, 4187314525, 2878984315, 3126234446,
       4185406573, 2006239776,  676430113, 3455846261, 2820683827,
        867643877,  956584707, 1347867743, 2522076057,  432985157,
       4063127663,  495185090, 1905909167, 1560842578,  344976838,
        965697183, 3489255667, 3994150840, 2113031884, 1751182903,
       2727844793,  902559092, 3418460569, 1231426406, 3472752566,
       1144415812, 2684034999, 3755973118, 2351824224, 2467947518,
       2690319781, 3206517461, 2392408836, 1495820729, 2462112438,
        459416143, 2721388433, 4268454226, 1601239439, 2596438482,
       2809285468, 4210245705, 2419076733, 3202201964, 2271795330,
       2083972786, 3156964893, 4232125212,  650447962, 2452466644,
       3116693634, 2761554843, 1607953055, 3071683957, 1638527977,
        846629019, 2256566758, 1766738892,  346975585,  158755101,
        332441226, 1671390945,  800015992, 1031643350, 2227449599,
       1114412662, 4125781062, 2308427271, 1132440559, 1471039664,
        450719510, 2934707121,  539856802, 1261431260, 2443236415,
       2872593422, 2832882049, 2324073185, 2663220368, 4211949604,
       1192074088,  685922811, 3556969691,  534559007, 2113544898,
       3925370696, 1801522333, 2240927587, 2012938473, 1277894785,
       2295485004,  107573608,  789429993, 2774473735, 3288371238,
       1047394885, 1129822702, 2701839375, 2559396159, 1262944567,
       4277439165,  628608193,  492767222, 3267704415, 2107445288,
        507544168, 2524512673, 3262692976, 1881417777,  993822750,
       2091222353, 2062237365, 3053339130, 3335725758,  263326528,
       1115122701, 1424094199, 2117563796,  127802717, 1288939340,
        970754176, 4290295565, 3117571021, 2148176253,  533858826,
       1904310530, 2388003306, 3970579926, 2366918836,  496143555,
        715339082,  260124683, 1652195593, 3691953780, 2390434539,
        983869525, 3407411229, 1140173867, 2168985972, 1499514379,
       2786557130, 2091333515,  273628149, 3341064055,  825273437,
        389988449,  121634537, 1494880599, 3173397895,  282282741,
       2205157365,  964226603, 2353520340, 1124079626,  150829033,
        636821629, 1948429139, 2625734349, 4291885390, 1611888991,
       3743442600, 1646586011,  250442122,  937447456,  102657646,
       2190970706, 2483801046,  169882428,  317831886, 3967159672,
       3257470678,  161776932, 1361703952, 4093891518, 3089896630,
        582044256, 2518230980, 1391991119, 3824258805, 3281469047,
       4107427081, 1252972785, 1821664790, 2323589663,  988829848,
       1067643532,   65020441, 2681567692,  423658361, 1560417395,
       2106273259, 3807526072, 1030834310,  406724618, 2151291751,
       3356661401, 3603516728, 1526166942, 2394708931,   65055857,
        209403752, 1753925159, 3707324415, 1983098577,  420527872,
       3807286991, 1291558145, 2442008035, 4226868688,  613677364,
       3114726403, 4088459428,  239038929, 2770055188, 3541202465,
        891326309, 2206853223, 3710631971, 3603191519, 2281829760,
       1431639362, 2505364639, 1581187670,   50804385,  373799827,
       3265754286, 3039099088,  764624748, 3804446431, 1638783141,
        935641917, 2977294483, 1294237597, 3193742957, 4179385519,
       3353402515, 3831346501,  226331341,  215157385, 1640729255,
       3282758800, 2098662265, 3356196836, 1904295077, 1499272780,
       1156219424, 1959432100, 4261710734, 1949408298, 2010742293,
         93796561, 1294400028, 3318873224,  965777669,  980731410,
       2709940618,  175786177,  762967940, 1367121494, 2247410282,
       1649431407, 1256289185, 3586887407,  443690870,  325007935,
       1475879746, 1974114482, 3027607215,  258907445, 3755295812,
       3608336832, 4260757914, 2386017584, 1696159266,  885054841,
        240888370, 2165848011, 4250076554, 2654579458], dtype=uint32), 160, 0, 0.0)
